%YAML:1.0
vector_PointOfView:
   -
      PointOfView:
         rotation_: !!opencv-matrix
            rows: 3
            cols: 3
            dt: d
            data: [ 1.5513720929994632e-002, 9.9884343581246959e-001,
                -4.5509506668906109e-002, 9.9922238739871228e-001,
                -1.7137499028595668e-002, -3.5509528978323907e-002,
                -3.6248379055121745e-002, -4.4923232980116717e-002,
                -9.9833258894743582e-001 ]
         translation_: !!opencv-matrix
            rows: 3
            cols: 1
            dt: d
            data: [ -5.9985479001418429e-002, 4.0078802950409987e-003,
                5.7088647431543438e-001 ]
         CameraPinhole:
            intra_params_: !!opencv-matrix
               rows: 3
               cols: 3
               dt: d
               data: [ 1.5204000000000001e+003, 0.,
                   3.0231999999999999e+002, 0., 1.5259000000000001e+003,
                   2.4687000000000000e+002, 0., 0., 1. ]
            estimation_needed_: 7
   -
      PointOfView:
         rotation_: !!opencv-matrix
            rows: 3
            cols: 3
            dt: d
            data: [ 1.6144904379749241e-002, 9.9884677638989772e-001,
                -4.5215698137687471e-002, 9.9856922398083869e-001,
                -1.3801764138268108e-002, 5.1662522441099319e-002,
                5.0978887599419327e-002, -4.5985091085930636e-002,
                -9.9764047853770654e-001 ]
         translation_: !!opencv-matrix
            rows: 3
            cols: 1
            dt: d
            data: [ -5.9980041125554565e-002, 3.7455519938208344e-003,
                5.7175508950314680e-001 ]
         CameraPinhole:
            intra_params_: !!opencv-matrix
               rows: 3
               cols: 3
               dt: d
               data: [ 1.5204000000000001e+003, 0.,
                   3.0231999999999999e+002, 0., 1.5259000000000001e+003,
                   2.4687000000000000e+002, 0., 0., 1. ]
            estimation_needed_: 7
   -
      PointOfView:
         rotation_: !!opencv-matrix
            rows: 3
            cols: 3
            dt: d
            data: [ 1.7055935199230210e-002, 9.9885654318139749e-001,
                -4.4662078077365566e-002, 9.8284888271077153e-001,
                -8.5457687246737243e-003, 1.8421466714431800e-001,
                1.8362235383707279e-001, -4.7038026963441261e-002,
                -9.8187079353177587e-001 ]
         translation_: !!opencv-matrix
            rows: 3
            cols: 1
            dt: d
            data: [ -5.9972572418364664e-002, 3.1996636954280352e-003,
                5.7303277427659483e-001 ]
         CameraPinhole:
            intra_params_: !!opencv-matrix
               rows: 3
               cols: 3
               dt: d
               data: [ 1.5204000000000001e+003, 0.,
                   3.0231999999999999e+002, 0., 1.5259000000000001e+003,
                   2.4687000000000000e+002, 0., 0., 1. ]
            estimation_needed_: 7
   -
      PointOfView:
         rotation_: !!opencv-matrix
            rows: 3
            cols: 3
            dt: d
            data: [ 1.7885056891264885e-002, 9.9887177423481233e-001,
                -4.3992083117243466e-002, 9.4958883957466222e-001,
                -3.1963405987221862e-003, 3.1348176846831644e-001,
                3.1298747657892384e-001, -4.7381030421205492e-002,
                -9.4857465571297128e-001 ]
         translation_: !!opencv-matrix
            rows: 3
            cols: 1
            dt: d
            data: [ -5.9966262780580454e-002, 2.4883454805609533e-003,
                5.7422630487327464e-001 ]
         CameraPinhole:
            intra_params_: !!opencv-matrix
               rows: 3
               cols: 3
               dt: d
               data: [ 1.5204000000000001e+003, 0.,
                   3.0231999999999999e+002, 0., 1.5259000000000001e+003,
                   2.4687000000000000e+002, 0., 0., 1. ]
            estimation_needed_: 7
   -
      PointOfView:
         rotation_: !!opencv-matrix
            rows: 3
            cols: 3
            dt: d
            data: [ 1.8617473545251964e-002, 9.9889219774769511e-001,
                -4.3217669506480406e-002, 8.9938262942941383e-001,
                2.1510581848844692e-003, 4.3715701850630145e-001,
                4.3676569869831283e-001, -4.7007980465712057e-002,
                -8.9834624405799657e-001 ]
         translation_: !!opencv-matrix
            rows: 3
            cols: 1
            dt: d
            data: [ -5.9961224809468985e-002, 1.6242910235225970e-003,
                5.7531438240283272e-001 ]
         CameraPinhole:
            intra_params_: !!opencv-matrix
               rows: 3
               cols: 3
               dt: d
               data: [ 1.5204000000000001e+003, 0.,
                   3.0231999999999999e+002, 0., 1.5259000000000001e+003,
                   2.4687000000000000e+002, 0., 0., 1. ]
            estimation_needed_: 7
   -
      PointOfView:
         rotation_: !!opencv-matrix
            rows: 3
            cols: 3
            dt: d
            data: [ 1.9240115357794442e-002, 9.9891744926724912e-001,
                -4.2352656474316387e-002, 8.3312617031885461e-001,
                7.4010045491221445e-003, 5.5303346143023058e-001,
                5.5274822685455760e-001, -4.5925534085915272e-002,
                -8.3208187279141332e-001 ]
         translation_: !!opencv-matrix
            rows: 3
            cols: 1
            dt: d
            data: [ -5.9957548406443059e-002, 6.2291917342887238e-004,
                5.7627759037697035e-001 ]
         CameraPinhole:
            intra_params_: !!opencv-matrix
               rows: 3
               cols: 3
               dt: d
               data: [ 1.5204000000000001e+003, 0.,
                   3.0231999999999999e+002, 0., 1.5259000000000001e+003,
                   2.4687000000000000e+002, 0., 0., 1. ]
            estimation_needed_: 7
   -
      PointOfView:
         rotation_: !!opencv-matrix
            rows: 3
            cols: 3
            dt: d
            data: [ 1.9879980052336342e-002, 9.9918298475008627e-001,
                -3.5187346859739226e-002, 4.9077435624086473e-002,
                3.4176628701521987e-002, 9.9821007977437393e-001,
                9.9859711180519761e-001, -2.1571301224246879e-002,
                -4.8357907913912583e-002 ]
         translation_: !!opencv-matrix
            rows: 3
            cols: 1
            dt: d
            data: [ -5.9972188493941689e-002, -8.5093319614936609e-003,
                5.7842790571490921e-001 ]
         CameraPinhole:
            intra_params_: !!opencv-matrix
               rows: 3
               cols: 3
               dt: d
               data: [ 1.5204000000000001e+003, 0.,
                   3.0231999999999999e+002, 0., 1.5259000000000001e+003,
                   2.4687000000000000e+002, 0., 0., 1. ]
            estimation_needed_: 7
   -
      PointOfView:
         rotation_: !!opencv-matrix
            rows: 3
            cols: 3
            dt: d
            data: [ 1.9420403578449437e-002, 9.9922540321420728e-001,
                -3.4226327530937316e-002, -8.4475804934769652e-002,
                3.5750275289621526e-002, 9.9578399073159374e-001,
                9.9623626028441281e-001, -1.6447230408829512e-002,
                8.5104655021955036e-002 ]
         translation_: !!opencv-matrix
            rows: 3
            cols: 1
            dt: d
            data: [ -5.9979595827656995e-002, -9.8352546733698754e-003,
                5.7801269156163460e-001 ]
         CameraPinhole:
            intra_params_: !!opencv-matrix
               rows: 3
               cols: 3
               dt: d
               data: [ 1.5204000000000001e+003, 0.,
                   3.0231999999999999e+002, 0., 1.5259000000000001e+003,
                   2.4687000000000000e+002, 0., 0., 1. ]
            estimation_needed_: 7
   -
      PointOfView:
         rotation_: !!opencv-matrix
            rows: 3
            cols: 3
            dt: d
            data: [ 1.8836723937302163e-002, 9.9926670361711012e-001,
                -3.3335159719197323e-002, -2.1652229245214624e-001,
                3.6626889781509984e-002, 9.7559036886195227e-001,
                9.7609593519416771e-001, -1.1159121252484338e-002,
                2.1705344804977231e-001 ]
         translation_: !!opencv-matrix
            rows: 3
            cols: 1
            dt: d
            data: [ -5.9988036897737421e-002, -1.1093998623397560e-002,
                5.7742445639368323e-001 ]
         CameraPinhole:
            intra_params_: !!opencv-matrix
               rows: 3
               cols: 3
               dt: d
               data: [ 1.5204000000000001e+003, 0.,
                   3.0231999999999999e+002, 0., 1.5259000000000001e+003,
                   2.4687000000000000e+002, 0., 0., 1. ]
            estimation_needed_: 7
   -
      PointOfView:
         rotation_: !!opencv-matrix
            rows: 3
            cols: 3
            dt: d
            data: [ 1.8139356755184702e-002, 9.9930614896279235e-001,
                -3.2529746105090178e-002, -3.4470568833071069e-001,
                3.6790829197195604e-002, 9.3798956461116001e-001,
                9.3853553591164507e-001, -5.8013388227438380e-003,
                3.4513387590745798e-001 ]
         translation_: !!opencv-matrix
            rows: 3
            cols: 1
            dt: d
            data: [ -5.9997361075267264e-002, -1.2263101821035554e-002,
                5.7667369712965277e-001 ]
         CameraPinhole:
            intra_params_: !!opencv-matrix
               rows: 3
               cols: 3
               dt: d
               data: [ 1.5204000000000001e+003, 0.,
                   3.0231999999999999e+002, 0., 1.5259000000000001e+003,
                   2.4687000000000000e+002, 0., 0., 1. ]
            estimation_needed_: 7
   -
      PointOfView:
         rotation_: !!opencv-matrix
            rows: 3
            cols: 3
            dt: d
            data: [ 1.7340746746283171e-002, 9.9934303533792734e-001,
                -3.1824459521875313e-002, -4.6673852369320579e-001,
                3.6239167991536057e-002, 8.8365257494332439e-001,
                8.8422533836289030e-001, -4.6949425921892843e-004,
                4.6706030721114866e-001 ]
         translation_: !!opencv-matrix
            rows: 3
            cols: 1
            dt: d
            data: [ -6.0007401967666921e-002, -1.3321701289760495e-002,
                5.7577381128050020e-001 ]
         CameraPinhole:
            intra_params_: !!opencv-matrix
               rows: 3
               cols: 3
               dt: d
               data: [ 1.5204000000000001e+003, 0.,
                   3.0231999999999999e+002, 0., 1.5259000000000001e+003,
                   2.4687000000000000e+002, 0., 0., 1. ]
            estimation_needed_: 7
   -
      PointOfView:
         rotation_: !!opencv-matrix
            rows: 3
            cols: 3
            dt: d
            data: [ 1.6455145039513133e-002, 9.9937670450964389e-001,
                -3.1231885712723138e-002, -5.8044313700527150e-001,
                3.4981750638741836e-002, 8.1354904082404789e-001,
                8.1413450541369869e-001, 4.7412662541666487e-003,
                5.8065697919606463e-001 ]
         translation_: !!opencv-matrix
            rows: 3
            cols: 1
            dt: d
            data: [ -6.0017980396158646e-002, -1.4250906458237237e-002,
                5.7474085724089485e-001 ]
         CameraPinhole:
            intra_params_: !!opencv-matrix
               rows: 3
               cols: 3
               dt: d
               data: [ 1.5204000000000001e+003, 0.,
                   3.0231999999999999e+002, 0., 1.5259000000000001e+003,
                   2.4687000000000000e+002, 0., 0., 1. ]
            estimation_needed_: 7
   -
      PointOfView:
         rotation_: !!opencv-matrix
            rows: 3
            cols: 3
            dt: d
            data: [ 9.2681011734317854e-003, 9.9948149867584823e-001,
                -3.0835630451141089e-002, -9.9983453485743168e-001,
                9.7452590831958487e-003, 1.5360105202249608e-002,
                1.5652642175103190e-002, 3.0688169220103312e-002,
                9.9940643937431994e-001 ]
         translation_: !!opencv-matrix
            rows: 3
            cols: 1
            dt: d
            data: [ -6.0090879645666076e-002, -1.6094692393021588e-002,
                5.6554209518601328e-001 ]
         CameraPinhole:
            intra_params_: !!opencv-matrix
               rows: 3
               cols: 3
               dt: d
               data: [ 1.5204000000000001e+003, 0.,
                   3.0231999999999999e+002, 0., 1.5259000000000001e+003,
                   2.4687000000000000e+002, 0., 0., 1. ]
            estimation_needed_: 7
   -
      PointOfView:
         rotation_: !!opencv-matrix
            rows: 3
            cols: 3
            dt: d
            data: [ 8.3221319575751476e-003, 9.9947453560906963e-001,
                -3.1327221209601623e-002, -9.9300906460040839e-001,
                4.5713223238502479e-003, -1.1794956817908751e-001,
                -1.1774438305542417e-001, 3.2089806500601961e-002,
                9.9252531684468948e-001 ]
         translation_: !!opencv-matrix
            rows: 3
            cols: 1
            dt: d
            data: [ -6.0098879112087347e-002, -1.5635363959489612e-002,
                5.6423080513614021e-001 ]
         CameraPinhole:
            intra_params_: !!opencv-matrix
               rows: 3
               cols: 3
               dt: d
               data: [ 1.5204000000000001e+003, 0.,
                   3.0231999999999999e+002, 0., 1.5259000000000001e+003,
                   2.4687000000000000e+002, 0., 0., 1. ]
            estimation_needed_: 7
   -
      PointOfView:
         rotation_: !!opencv-matrix
            rows: 3
            cols: 3
            dt: d
            data: [ 7.4501083104415462e-003, 9.9946200871171520e-001,
                -3.1940398058041004e-002, -9.6846405882348463e-001,
                -7.4325789434934566e-004, -2.4915219110985987e-001,
                -2.4904188935459098e-001, 3.2789338353280441e-002,
                9.6793749624500525e-001 ]
         translation_: !!opencv-matrix
            rows: 3
            cols: 1
            dt: d
            data: [ -6.0105783703814947e-002, -1.5005353772659416e-002,
                5.6299243193284298e-001 ]
         CameraPinhole:
            intra_params_: !!opencv-matrix
               rows: 3
               cols: 3
               dt: d
               data: [ 1.5204000000000001e+003, 0.,
                   3.0231999999999999e+002, 0., 1.5259000000000001e+003,
                   2.4687000000000000e+002, 0., 0., 1. ]
            estimation_needed_: 7
   -
      PointOfView:
         rotation_: !!opencv-matrix
            rows: 3
            cols: 3
            dt: d
            data: [ 6.6675917401294374e-003, 9.9944414152980365e-001,
                -3.2664218682539027e-002, -9.2663753008220306e-001,
                -6.1036413874500529e-003, -3.7590641575393097e-001,
                -3.7589683566577248e-001, 3.2774281434795501e-002,
                9.2608175417340555e-001 ]
         translation_: !!opencv-matrix
            rows: 3
            cols: 1
            dt: d
            data: [ -6.0111470206460807e-002, -1.4215904542125748e-002,
                5.6184907469544620e-001 ]
         CameraPinhole:
            intra_params_: !!opencv-matrix
               rows: 3
               cols: 3
               dt: d
               data: [ 1.5204000000000001e+003, 0.,
                   3.0231999999999999e+002, 0., 1.5259000000000001e+003,
                   2.4687000000000000e+002, 0., 0., 1. ]
            estimation_needed_: 7
   -
      PointOfView:
         rotation_: !!opencv-matrix
            rows: 3
            cols: 3
            dt: d
            data: [ 4.5174484802154441e-003, 9.9928883380842837e-001,
                -3.7435535057213268e-002, -4.9430884062748598e-001,
                -3.0310952352794282e-002, -8.6875774312806953e-001,
                -8.6927461871191136e-001, 2.2429284278770001e-002,
                4.9382037672619677e-001 ]
         translation_: !!opencv-matrix
            rows: 3
            cols: 1
            dt: d
            data: [ -6.0118929984340402e-002, -8.4543928205320432e-003,
                5.5819297972625992e-001 ]
         CameraPinhole:
            intra_params_: !!opencv-matrix
               rows: 3
               cols: 3
               dt: d
               data: [ 1.5204000000000001e+003, 0.,
                   3.0231999999999999e+002, 0., 1.5259000000000001e+003,
                   2.4687000000000000e+002, 0., 0., 1. ]
            estimation_needed_: 7
   -
      PointOfView:
         rotation_: !!opencv-matrix
            rows: 3
            cols: 3
            dt: d
            data: [ 4.4938191021609408e-003, 9.9924847199105826e-001,
                -3.8500607961592367e-002, -3.7404383441657651e-001,
                -3.4026534177624766e-002, -9.2678660160082338e-001,
                -9.2740013776407293e-001, 1.8565726363223990e-002,
                3.7360982090917277e-001 ]
         translation_: !!opencv-matrix
            rows: 3
            cols: 1
            dt: d
            data: [ -6.0116040351012728e-002, -7.0836979260573653e-003,
                5.5796556962866006e-001 ]
         CameraPinhole:
            intra_params_: !!opencv-matrix
               rows: 3
               cols: 3
               dt: d
               data: [ 1.5204000000000001e+003, 0.,
                   3.0231999999999999e+002, 0., 1.5259000000000001e+003,
                   2.4687000000000000e+002, 0., 0., 1. ]
            estimation_needed_: 7
   -
      PointOfView:
         rotation_: !!opencv-matrix
            rows: 3
            cols: 3
            dt: d
            data: [ 4.6124517264185018e-003, 9.9920658045522903e-001,
                -3.9559257627505895e-002, -2.4710474487948555e-001,
                -3.7193979182781160e-002, -9.6827467847227866e-001,
                -9.6897779662235584e-001, 1.4241400476033476e-002,
                2.4673713171179856e-001 ]
         translation_: !!opencv-matrix
            rows: 3
            cols: 1
            dt: d
            data: [ -6.0111749599489228e-002, -5.6949260355556256e-003,
                5.5792287979598687e-001 ]
         CameraPinhole:
            intra_params_: !!opencv-matrix
               rows: 3
               cols: 3
               dt: d
               data: [ 1.5204000000000001e+003, 0.,
                   3.0231999999999999e+002, 0., 1.5259000000000001e+003,
                   2.4687000000000000e+002, 0., 0., 1. ]
            estimation_needed_: 7
   -
      PointOfView:
         rotation_: !!opencv-matrix
            rows: 3
            cols: 3
            dt: d
            data: [ 4.8712293940151689e-003, 9.9916390675070932e-001,
                -4.0592592561336821e-002, -1.1575678546521076e-001,
                -3.9756764537007959e-002, -9.9248162012820662e-001,
                -9.9326564308998011e-001, 9.5334736695876967e-003,
                1.1546633767830011e-001 ]
         translation_: !!opencv-matrix
            rows: 3
            cols: 1
            dt: d
            data: [ -6.0106134297507663e-002, -4.3128596343677602e-003,
                5.5806567205989777e-001 ]
         CameraPinhole:
            intra_params_: !!opencv-matrix
               rows: 3
               cols: 3
               dt: d
               data: [ 1.5204000000000001e+003, 0.,
                   3.0231999999999999e+002, 0., 1.5259000000000001e+003,
                   2.4687000000000000e+002, 0., 0., 1. ]
            estimation_needed_: 7
   -
      PointOfView:
         rotation_: !!opencv-matrix
            rows: 3
            cols: 3
            dt: d
            data: [ 5.2655341444366342e-003, 9.9912121240180041e-001,
                -4.1582172609547934e-002, 1.7656102419544888e-002,
                -4.1669156612351953e-002, -9.9897544686271722e-001,
                -9.9983025369185752e-001, 4.5259602264881103e-003,
                -1.7859996822618254e-002 ]
         translation_: !!opencv-matrix
            rows: 3
            cols: 1
            dt: d
            data: [ -6.0099294651716748e-002, -2.9621620874900950e-003,
                5.5839139825214246e-001 ]
         CameraPinhole:
            intra_params_: !!opencv-matrix
               rows: 3
               cols: 3
               dt: d
               data: [ 1.5204000000000001e+003, 0.,
                   3.0231999999999999e+002, 0., 1.5259000000000001e+003,
                   2.4687000000000000e+002, 0., 0., 1. ]
            estimation_needed_: 7
   -
      PointOfView:
         rotation_: !!opencv-matrix
            rows: 3
            cols: 3
            dt: d
            data: [ 5.7883297018985289e-003, 9.9907925927914421e-001,
                -4.2510338948291732e-002, 1.5075319708339233e-001,
                -4.2897029220793408e-002, -9.8764027786090514e-001,
                -9.8855448449157213e-001, -6.9178195042004023e-004,
                -1.5086269462440041e-001 ]
         translation_: !!opencv-matrix
            rows: 3
            cols: 1
            dt: d
            data: [ -6.0091352713991325e-002, -1.6669362758312226e-003,
                5.5889424586522152e-001 ]
         CameraPinhole:
            intra_params_: !!opencv-matrix
               rows: 3
               cols: 3
               dt: d
               data: [ 1.5204000000000001e+003, 0.,
                   3.0231999999999999e+002, 0., 1.5259000000000001e+003,
                   2.4687000000000000e+002, 0., 0., 1. ]
            estimation_needed_: 7
   -
      PointOfView:
         rotation_: !!opencv-matrix
            rows: 3
            cols: 3
            dt: d
            data: [ 6.4302866321268842e-003, 9.9903879604805523e-001,
                -4.3360528187292573e-002, 2.8115934330743286e-001,
                -4.3418470629086388e-002, -9.5867839241278607e-001,
                -9.5963955477291651e-001, -6.0266407793617815e-003,
                -2.8116828504679309e-001 ]
         translation_: !!opencv-matrix
            rows: 3
            cols: 1
            dt: d
            data: [ -6.0082450210451596e-002, -4.5029586955790384e-004,
                5.5956524144155850e-001 ]
         CameraPinhole:
            intra_params_: !!opencv-matrix
               rows: 3
               cols: 3
               dt: d
               data: [ 1.5204000000000001e+003, 0.,
                   3.0231999999999999e+002, 0., 1.5259000000000001e+003,
                   2.4687000000000000e+002, 0., 0., 1. ]
            estimation_needed_: 7
   -
      PointOfView:
         rotation_: !!opencv-matrix
            rows: 3
            cols: 3
            dt: d
            data: [ 1.3088476825281276e-002, 9.9885150004555567e-001,
                -4.6090917013414202e-002, 9.3927610802339279e-001,
                -2.8089544672209917e-002, -3.4201077523454665e-001,
                -3.4291264874720179e-001, -3.8815697041935035e-002,
                -9.3856499881059197e-001 ]
         translation_: !!opencv-matrix
            rows: 3
            cols: 1
            dt: d
            data: [ -6.0007980055689802e-002, 4.3089718353477250e-003,
                5.6765016007598579e-001 ]
         CameraPinhole:
            intra_params_: !!opencv-matrix
               rows: 3
               cols: 3
               dt: d
               data: [ 1.5204000000000001e+003, 0.,
                   3.0231999999999999e+002, 0., 1.5259000000000001e+003,
                   2.4687000000000000e+002, 0., 0., 1. ]
            estimation_needed_: 7
   -
      PointOfView:
         rotation_: !!opencv-matrix
            rows: 3
            cols: 3
            dt: d
            data: [ 1.4143315932802554e-002, 9.9884423212062357e-001,
                -4.5936549432743647e-002, 9.7658669658034036e-001,
                -2.3661627168757075e-002, -2.1381896890132296e-001,
                -2.1465877731116217e-001, -4.1836913833225145e-002,
                -9.7579264291353829e-001 ]
         translation_: !!opencv-matrix
            rows: 3
            cols: 1
            dt: d
            data: [ -5.9997904329430626e-002, 4.3051995433821804e-003,
                5.6903955290947950e-001 ]
         CameraPinhole:
            intra_params_: !!opencv-matrix
               rows: 3
               cols: 3
               dt: d
               data: [ 1.5204000000000001e+003, 0.,
                   3.0231999999999999e+002, 0., 1.5259000000000001e+003,
                   2.4687000000000000e+002, 0., 0., 1. ]
            estimation_needed_: 7
   -
      PointOfView:
         rotation_: !!opencv-matrix
            rows: 3
            cols: 3
            dt: d
            data: [ 1.5168221695156279e-002, 9.9884264814658297e-001,
                -4.5643064030892126e-002, 9.9646933902146695e-001,
                -1.8870534188628715e-002, -8.1809286328363331e-002,
                -8.2575913199473175e-002, -4.4241012454026458e-002,
                -9.9560230583115639e-001 ]
         translation_: !!opencv-matrix
            rows: 3
            cols: 1
            dt: d
            data: [ -5.9988535623652625e-002, 4.1162690904548074e-003,
                5.7041605071581636e-001 ]
         CameraPinhole:
            intra_params_: !!opencv-matrix
               rows: 3
               cols: 3
               dt: d
               data: [ 1.5204000000000001e+003, 0.,
                   3.0231999999999999e+002, 0., 1.5259000000000001e+003,
                   2.4687000000000000e+002, 0., 0., 1. ]
            estimation_needed_: 7
   -
      PointOfView:
         rotation_: !!opencv-matrix
            rows: 3
            cols: 3
            dt: d
            data: [ 1.6144904379749241e-002, 9.9884677638989772e-001,
                -4.5215698137687471e-002, 9.9856922398083869e-001,
                -1.3801764138268117e-002, 5.1662522441099076e-002,
                5.0978887599419084e-002, -4.5985091085930636e-002,
                -9.9764047853770654e-001 ]
         translation_: !!opencv-matrix
            rows: 3
            cols: 1
            dt: d
            data: [ -5.9980041125554565e-002, 3.7455519938208357e-003,
                5.7175508950314680e-001 ]
         CameraPinhole:
            intra_params_: !!opencv-matrix
               rows: 3
               cols: 3
               dt: d
               data: [ 1.5204000000000001e+003, 0.,
                   3.0231999999999999e+002, 0., 1.5259000000000001e+003,
                   2.4687000000000000e+002, 0., 0., 1. ]
            estimation_needed_: 7
   -
      PointOfView:
         rotation_: !!opencv-matrix
            rows: 3
            cols: 3
            dt: d
            data: [ 2.1875982212950430e-002, 9.8329680886213122e-001,
                -1.8068986436368856e-001, 9.9856708067455469e-001,
                -1.2661146464239256e-002, 5.1995007099799977e-002,
                4.8838783720684995e-002, -1.8156839221560722e-001,
                -9.8216479887691122e-001 ]
         translation_: !!opencv-matrix
            rows: 3
            cols: 1
            dt: d
            data: [ -5.8856052362751071e-002, 3.6713210107046021e-003,
                5.8053175847405269e-001 ]
         CameraPinhole:
            intra_params_: !!opencv-matrix
               rows: 3
               cols: 3
               dt: d
               data: [ 1.5204000000000001e+003, 0.,
                   3.0231999999999999e+002, 0., 1.5259000000000001e+003,
                   2.4687000000000000e+002, 0., 0., 1. ]
            estimation_needed_: 7
   -
      PointOfView:
         rotation_: !!opencv-matrix
            rows: 3
            cols: 3
            dt: d
            data: [ 2.7255707882867641e-003, 9.8353557606148900e-001,
                -1.8069405603193772e-001, 9.9651741905514424e-001,
                -1.7730587759371183e-002, -8.1477971117235148e-002,
                -8.3340295077182255e-002, -1.7984270037758626e-001,
                -9.8015865977776562e-001 ]
         translation_: !!opencv-matrix
            rows: 3
            cols: 1
            dt: d
            data: [ -5.9047187093097558e-002, 4.0425428360382279e-003,
                5.7920654525820348e-001 ]
         CameraPinhole:
            intra_params_: !!opencv-matrix
               rows: 3
               cols: 3
               dt: d
               data: [ 1.5204000000000001e+003, 0.,
                   3.0231999999999999e+002, 0., 1.5259000000000001e+003,
                   2.4687000000000000e+002, 0., 0., 1. ]
            estimation_needed_: 7
   -
      PointOfView:
         rotation_: !!opencv-matrix
            rows: 3
            cols: 3
            dt: d
            data: [ -1.6253317732806201e-002, 9.8386957700862299e-001,
                -1.7814736905031653e-001, 9.7668439268305030e-001,
                -2.2522599378205301e-002, -2.1349550254417543e-001,
                -2.1406407160478280e-001, -1.7746376518636725e-001,
                -9.6056399333613396e-001 ]
         translation_: !!opencv-matrix
            rows: 3
            cols: 1
            dt: d
            data: [ -5.9244095418086076e-002, 4.2319915571859806e-003,
                5.7784424389905154e-001 ]
         CameraPinhole:
            intra_params_: !!opencv-matrix
               rows: 3
               cols: 3
               dt: d
               data: [ 1.5204000000000001e+003, 0.,
                   3.0231999999999999e+002, 0., 1.5259000000000001e+003,
                   2.4687000000000000e+002, 0., 0., 1. ]
            estimation_needed_: 7
   -
      PointOfView:
         rotation_: !!opencv-matrix
            rows: 3
            cols: 3
            dt: d
            data: [ -3.4721999728167884e-002, 9.8429285136236500e-001,
                -1.7309524976677537e-001, 9.3942192751145170e-001,
                -2.6951666520931349e-002, -3.4170169707277304e-001,
                -3.4099974317519038e-001, -1.7447403941185566e-001,
                -9.2373047190496216e-001 ]
         translation_: !!opencv-matrix
            rows: 3
            cols: 1
            dt: d
            data: [ -5.9443263453082845e-002, 4.2362864082499691e-003,
                5.7646916504883960e-001 ]
         CameraPinhole:
            intra_params_: !!opencv-matrix
               rows: 3
               cols: 3
               dt: d
               data: [ 1.5204000000000001e+003, 0.,
                   3.0231999999999999e+002, 0., 1.5259000000000001e+003,
                   2.4687000000000000e+002, 0., 0., 1. ]
            estimation_needed_: 7
   -
      PointOfView:
         rotation_: !!opencv-matrix
            rows: 3
            cols: 3
            dt: d
            data: [ -5.2350905899548154e-002, 9.8479784589115438e-001,
                -1.6562785206491965e-001, 8.8539496349116698e-001,
                -3.0938753523255726e-002, -4.6380874523331522e-001,
                -4.6188217250287084e-001, -1.7092687400923678e-001,
                -8.7031538103463302e-001 ]
         translation_: !!opencv-matrix
            rows: 3
            cols: 1
            dt: d
            data: [ -5.9641137091219584e-002, 4.0553507486203455e-003,
                5.7510584666711573e-001 ]
         CameraPinhole:
            intra_params_: !!opencv-matrix
               rows: 3
               cols: 3
               dt: d
               data: [ 1.5204000000000001e+003, 0.,
                   3.0231999999999999e+002, 0., 1.5259000000000001e+003,
                   2.4687000000000000e+002, 0., 0., 1. ]
            estimation_needed_: 7
   -
      PointOfView:
         rotation_: !!opencv-matrix
            rows: 3
            cols: 3
            dt: d
            data: [ -1.2459423323539082e-001, 9.8895928871004091e-001,
                -8.0223452422685915e-002, 2.8153512590579682e-001,
                -4.2292970644211121e-002, -9.5861842122676455e-001,
                -9.5142748011905343e-001, -1.4202404693648824e-001,
                -2.7315731761402628e-001 ]
         translation_: !!opencv-matrix
            rows: 3
            cols: 1
            dt: d
            data: [ -6.0612844919581341e-002, -5.1995494204833993e-004,
                5.6846714457728675e-001 ]
         CameraPinhole:
            intra_params_: !!opencv-matrix
               rows: 3
               cols: 3
               dt: d
               data: [ 1.5204000000000001e+003, 0.,
                   3.0231999999999999e+002, 0., 1.5259000000000001e+003,
                   2.4687000000000000e+002, 0., 0., 1. ]
            estimation_needed_: 7
   -
      PointOfView:
         rotation_: !!opencv-matrix
            rows: 3
            cols: 3
            dt: d
            data: [ -1.2902889964175443e-001, 9.8972522526380413e-001,
                -6.1607804162704685e-002, 1.5113946088460242e-001,
                -4.1773534091049343e-002, -9.8762940175607139e-001,
                -9.8005530783764949e-001, -1.3674410526986550e-001,
                -1.4419654383234767e-001 ]
         translation_: !!opencv-matrix
            rows: 3
            cols: 1
            dt: d
            data: [ -6.0711737039162383e-002, -1.7363466608264263e-003,
                5.6780296106997652e-001 ]
         CameraPinhole:
            intra_params_: !!opencv-matrix
               rows: 3
               cols: 3
               dt: d
               data: [ 1.5204000000000001e+003, 0.,
                   3.0231999999999999e+002, 0., 1.5259000000000001e+003,
                   2.4687000000000000e+002, 0., 0., 1. ]
            estimation_needed_: 7
   -
      PointOfView:
         rotation_: !!opencv-matrix
            rows: 3
            cols: 3
            dt: d
            data: [ -1.3094087941651120e-001, 9.9047594118902094e-001,
                -4.2566371977817312e-002, 1.8046205249729819e-002,
                -4.0547620157995519e-002, -9.9901462700783672e-001,
                -9.9122591802964632e-001, -1.3158001529581215e-001,
                -1.2564991087881786e-002 ]
         translation_: !!opencv-matrix
            rows: 3
            cols: 1
            dt: d
            data: [ -6.0786698806018447e-002, -3.0313872623002713e-003,
                5.6730518675004260e-001 ]
         CameraPinhole:
            intra_params_: !!opencv-matrix
               rows: 3
               cols: 3
               dt: d
               data: [ 1.5204000000000001e+003, 0.,
                   3.0231999999999999e+002, 0., 1.5259000000000001e+003,
                   2.4687000000000000e+002, 0., 0., 1. ]
            estimation_needed_: 7
   -
      PointOfView:
         rotation_: !!opencv-matrix
            rows: 3
            cols: 3
            dt: d
            data: [ -1.3029605274095349e-001, 9.9119803974812748e-001,
                -2.3438955599516552e-002, -1.1536955428847780e-001,
                -3.8637105625180510e-002, -9.9257092442413708e-001,
                -9.8473996800343433e-001, -1.2662393165740077e-001,
                1.1938833840965069e-001 ]
         translation_: !!opencv-matrix
            rows: 3
            cols: 1
            dt: d
            data: [ -6.0836392506263173e-002, -4.3819663814311420e-003,
                5.6698270454071353e-001 ]
         CameraPinhole:
            intra_params_: !!opencv-matrix
               rows: 3
               cols: 3
               dt: d
               data: [ 1.5204000000000001e+003, 0.,
                   3.0231999999999999e+002, 0., 1.5259000000000001e+003,
                   2.4687000000000000e+002, 0., 0., 1. ]
            estimation_needed_: 7
   -
      PointOfView:
         rotation_: !!opencv-matrix
            rows: 3
            cols: 3
            dt: d
            data: [ -1.2710592639585813e-001, 9.9187863526170994e-001,
                -4.5668792866055685e-003, -2.4672704479464908e-001,
                -3.6076083176318018e-002, -9.6841328036616370e-001,
                -9.6071319801590616e-001, -1.2196429450467509e-001,
                2.4930876844593125e-001 ]
         translation_: !!opencv-matrix
            rows: 3
            cols: 1
            dt: d
            data: [ -6.0859931367471698e-002, -5.7639832506258086e-003,
                5.6684126906137433e-001 ]
         CameraPinhole:
            intra_params_: !!opencv-matrix
               rows: 3
               cols: 3
               dt: d
               data: [ 1.5204000000000001e+003, 0.,
                   3.0231999999999999e+002, 0., 1.5259000000000001e+003,
                   2.4687000000000000e+002, 0., 0., 1. ]
            estimation_needed_: 7
   -
      PointOfView:
         rotation_: !!opencv-matrix
            rows: 3
            cols: 3
            dt: d
            data: [ -1.2142742908621770e-001, 9.9250558231074071e-001,
                1.3713079432756493e-002, -3.7368215477705607e-001,
                -3.2910254979817449e-002, -9.2697279481025718e-001,
                -9.1957437255867858e-001, -1.1768425637773697e-001,
                3.7487783227890548e-001 ]
         translation_: !!opencv-matrix
            rows: 3
            cols: 1
            dt: d
            data: [ -6.0856895332022279e-002, -7.1527753888003410e-003,
                5.6688340426807182e-001 ]
         CameraPinhole:
            intra_params_: !!opencv-matrix
               rows: 3
               cols: 3
               dt: d
               data: [ 1.5204000000000001e+003, 0.,
                   3.0231999999999999e+002, 0., 1.5259000000000001e+003,
                   2.4687000000000000e+002, 0., 0., 1. ]
            estimation_needed_: 7
   -
      PointOfView:
         rotation_: !!opencv-matrix
            rows: 3
            cols: 3
            dt: d
            data: [ -1.1336189346759781e-001, 9.9306769310348053e-001,
                3.1074716789898843e-002, -4.9396938490232206e-001,
                -2.9196115015187443e-002, -8.6898897210910642e-001,
                -8.6205761285929272e-001, -1.1386019401947006e-001,
                4.9385476440871356e-001 ]
         translation_: !!opencv-matrix
            rows: 3
            cols: 1
            dt: d
            data: [ -6.0827338582827531e-002, -8.5235599492826525e-003,
                5.6710835822676209e-001 ]
         CameraPinhole:
            intra_params_: !!opencv-matrix
               rows: 3
               cols: 3
               dt: d
               data: [ 1.5204000000000001e+003, 0.,
                   3.0231999999999999e+002, 0., 1.5259000000000001e+003,
                   2.4687000000000000e+002, 0., 0., 1. ]
            estimation_needed_: 7
   -
      PointOfView:
         rotation_: !!opencv-matrix
            rows: 3
            cols: 3
            dt: d
            data: [ 1.1541167827420966e-001, 9.9138900083137627e-001,
